0.9999371604037744
0.44492614540211967
0.19226972122812938
0.5702541728837437
0.3105453818088199
0.11720436204335223
0.008369374420212966
0.19978844373580892
0.801861421744442
0.9725161128043521
0.27751629687328133
0.3843273393194302
0.026552458413391822
0.9438319090873526
0.6499093590501209
0.5222239244678214
0.23945843444856207
0.5929371325297543
0.8376743328768379
0.06275821632447112
0.31970851690286023
0.8129012240546775
0.7284692059829284
0.4709734944779179
0.5841941203253811
0.7776376721911142
0.030811106143027553
0.15843693421554725
0.9299704004300218
0.8502257020534876
0.3906347505766683
0.8158320977099838
0.7405817969466805
0.8165512044945976
0.7335825484965539
0.8743200163902721
0.6748881760823983
0.6368105156016042
0.04232902433628546
0.5127983673419158
0.6680164899590433
0.17815816688511715
0.822767765231086
0.3679520074631649
0.21287454436269415
0.7243405885849846
0.20084214074145162
0.0015466455982368792
0.6935874311974886
0.1348110569915454
0.4340454325516996
0.42742231410504167
0.7404010109296468
0.39848557527702017
0.663214167288134
0.08371411967822359
0.8807727488994987
0.5510136391204592
0.2599901250093992
0.6833762568826702
0.4778973677294684
0.004674282109976736
0.7129952086157132
0.8173860574503499
0.030420792096186117
0.9489735186392204
0.37541209995282276
0.12358202575914198
0.903077694942059
0.664253994106124
0.7912712992439328
0.5845142508315441
0.08838787931621528
0.7492275259850266
0.7219658020730564
0.7348418317090514
0.7697199468622894
0.14750662145114635
0.07077663904801677
0.6083062443444649
0.03722360598109965
0.8117418154133736
0.2879264389508158
0.7846325522725316
0.9517099158351043
0.6981014857714187
0.6529184912788084
0.553899977394146
0.593369737936383
0.9016849024422544
0.5346195364569596
0.35630307406455336
0.2813700283488503
0.4914233371480292
0.4727230613033568
0.32624923704712894
0.035463084473443304
0.5975371966094998
0.7373809049266283
0.17026492835605467
0.7417319696616462
0.8732572203627152
0.4490948879034563
0.2646867467548575
0.7995637510730507
0.8630226484299288
0.7775606243371279
0.335788273970598
0.9950229658637904
0.3458631711073078
0.7886021286394358
0.4057954892016093
0.41627094912483853
0.48781644714269695
0.5474546922061819
0.4489277168916799
0.6651939267951454
0.4356350517035366
0.0016062991398085966
0.9512446102946027
0.3798235427984042
0.15686732033906609
0.9337500437948637
0.7235972115331157
0.6195499276098534
0.39576759312313303
0.8040837791502109
0.5718851385685787
0.32226491924026895
0.0540561743987607
0.5159892495065398
0.326660544502617
0.9751395163530758
0.42945700767629114
0.57557027923105
0.2899823326843317
0.6678571942112695
0.36193787435289443
0.845695477856377
0.5488567420527446
0.12732849634388563
0.004762079289544718
0.6369360807070354
0.9368737952943298
0.9142655789445034
0.2247861437996953
0.8415825523131141
0.7737495804991175
0.3127474089076415